2 2 2 2 2 2 2 2 2 2 2 2 2 2 2 2 2 2 2 2 2 2 2 2 2 2 2 2 2 2 2 2 2 2 2 2 2 2 2 2 2 2 2 2 2 2 2 2 2 2 2 2 2 2 2 2 2 2 2 2 2 2 2 2 2 2 2 2 2 2 2 2 2 2 2 2 2 2 2 2
2 2 2 2 2 2 2 2 2 2 2 2 2 2 2 2 2 2 2 2 2 2 2 2 2 2 2 2 2 2 2 2 2 2 2 2 2 2 2 2 2 2 2 2 2 2 2 2 2 2 2 2 2 2 2 2 2 2 2 2 2 2 2 2 2 2 2 2 2 2 2 2 2 2 2 2 2 2 2 2
2 2 2 2 2 2 2 2 2 2 2 2 2 2 2 2 2 2 2 2 2 2 2 2 2 2 2 2 2 2 2 2 2 2 2 2 2 2 2 2 2 2 2 2 2 2 2 2 2 2 2 2 2 2 2 2 2 2 2 2 2 2 2 2 2 2 2 2 2 2 2 2 2 2 2 2 2 2 2 2
2 2 2 2 2 2 2 2 2 2 2 2 2 2 2 2 2 2 2 2 2 2 2 2 2 2 2 2 2 2 2 2 2 2 2 2 2 2 2 2 2 2 2 2 2 2 2 2 2 2 2 2 2 2 2 2 2 2 2 2 2 2 2 2 2 2 2 2 2 2 2 2 2 2 2 2 2 2 2 2
2 2 2 2 7 7 7 7 7 7 7 7 7 7 7 7 7 7 7 7 7 7 7 7 7 7 7 7 7 7 7 7 7 7 7 7 7 7 7 7 7 7 7 7 7 7 7 7 7 7 7 7 7 7 7 7 7 7 7 7 7 7 7 7 7 7 7 7 7 7 7 7 7 7 7 7 2 2 2 2
2 2 2 2 7 7 7 7 7 7 7 7 7 7 7 7 7 7 7 7 7 7 7 7 7 7 7 7 7 7 7 7 7 7 7 7 7 7 7 7 7 7 7 7 7 7 7 7 7 7 7 7 7 7 7 7 7 7 7 7 7 7 7 7 7 7 7 7 7 7 7 7 7 7 7 7 2 2 2 2
2 2 2 2 7 7 7 7 7 7 7 7 7 7 7 7 7 7 7 7 7 7 7 7 7 7 7 7 7 7 7 7 7 7 7 7 7 7 7 7 7 7 7 7 7 7 7 7 7 7 7 7 7 7 7 7 7 7 7 7 7 7 7 7 7 7 7 7 7 7 7 7 7 7 7 7 2 2 2 2
2 2 2 2 7 7 7 4 4 4 4 4 4 4 4 4 4 4 4 4 4 4 4 4 4 4 4 4 4 4 4 4 4 4 4 4 4 4 4 4 4 4 4 4 4 4 4 4 4 4 4 4 4 4 4 4 4 4 4 4 4 4 4 4 4 4 4 4 4 4 4 4 4 7 7 7 2 2 2 2
2 2 2 2 7 7 7 4 5 0 5 0 5 0 5 0 5 0 5 0 5 0 5 0 5 0 5 0 5 0 1 1 1 1 1 4 4 8 8 8 8 8 8 4 4 1 1 1 1 1 1 5 0 5 0 5 0 5 0 5 0 5 0 5 0 5 0 5 0 5 0 1 4 7 7 7 2 2 2 2
2 2 2 2 7 7 7 4 0 0 0 0 0 0 0 0 0 0 0 0 0 0 0 0 0 0 0 0 0 0 1 1 1 4 4 8 8 8 8 8 8 8 8 8 8 4 4 1 1 1 1 0 0 0 0 0 0 0 0 0 0 0 0 0 0 0 0 0 0 0 0 1 4 7 7 7 2 2 2 2
2 2 2 2 7 7 7 4 5 0 5 0 5 0 5 0 5 0 5 0 5 0 5 0 5 0 5 0 5 0 1 1 4 8 8 8 8 3 3 3 3 3 3 8 8 8 8 4 1 1 1 5 0 5 0 5 0 5 0 5 0 5 0 5 0 5 0 5 0 5 0 1 4 7 7 7 2 2 2 2
2 2 2 2 7 7 7 4 0 0 0 0 0 0 0 0 0 0 0 0 0 0 0 0 0 0 0 0 0 0 1 4 8 8 8 3 3 3 3 3 3 3 3 3 3 8 8 8 4 1 1 0 0 0 0 0 0 0 0 0 0 0 0 0 0 0 0 0 0 0 0 1 4 7 7 7 2 2 2 2
2 2 2 2 7 7 7 4 5 0 5 0 5 0 5 0 5 0 5 0 5 0 5 0 5 0 5 0 5 0 1 4 8 8 3 3 3 3 3 3 3 3 3 3 3 3 8 8 4 1 1 5 0 5 0 5 0 1 1 1 1 1 1 5 0 5 0 5 0 5 0 1 4 7 7 7 2 2 2 2
2 2 2 2 7 7 7 4 0 0 0 0 0 0 0 0 0 0 0 0 0 0 0 0 0 0 0 0 0 0 4 8 8 3 3 3 3 3 3 3 3 3 3 3 3 3 3 8 8 4 1 0 0 0 0 0 0 1 1 1 1 1 1 0 0 0 0 0 0 0 0 1 4 7 7 7 2 2 2 2
2 2 2 2 7 7 7 4 5 0 1 1 4 4 4 4 4 4 4 4 4 4 4 4 1 1 5 0 5 0 4 8 8 3 3 3 3 3 3 3 3 3 3 3 3 3 3 8 8 4 1 5 0 1 1 1 1 1 1 1 1 1 1 5 0 5 0 5 0 5 0 1 4 7 7 7 2 2 2 2
2 2 2 2 7 7 7 4 0 0 1 1 4 1 1 1 1 1 1 1 1 1 1 4 1 1 0 0 0 0 8 8 3 3 3 3 3 3 3 3 3 3 3 3 3 3 3 3 8 8 4 0 0 1 1 1 1 1 1 1 1 1 1 0 0 0 0 0 0 0 0 1 4 7 7 7 2 2 2 2
2 2 2 2 7 7 7 4 5 0 4 4 1 1 1 1 1 1 1 1 1 1 1 1 4 4 5 0 5 0 8 8 3 3 3 3 3 3 3 3 3 3 3 3 3 3 3 3 8 8 4 5 0 1 1 1 1 1 1 1 1 5 0 5 0 5 0 5 0 5 0 1 4 7 7 7 2 2 2 2
2 2 2 2 7 7 7 4 0 0 4 1 1 1 1 1 1 6 6 1 1 1 1 1 1 4 0 0 0 0 8 8 3 3 3 3 3 3 3 3 3 3 3 3 3 3 3 3 8 8 4 0 0 1 1 1 1 1 1 1 1 0 0 0 0 0 0 0 0 0 0 1 4 7 7 7 2 2 2 2
2 2 2 2 7 7 7 4 5 0 4 1 1 1 1 1 1 6 6 1 1 1 1 1 1 4 5 0 5 0 8 8 3 3 3 3 3 3 3 3 3 3 3 3 3 3 3 3 8 8 4 5 0 1 1 5 0 5 0 5 0 5 0 5 0 5 0 5 0 5 0 1 4 7 7 7 2 2 2 2
2 2 2 2 7 7 7 4 0 0 4 1 1 1 1 1 1 6 6 1 1 1 1 1 1 4 0 0 0 0 8 8 3 3 3 3 3 3 3 3 3 3 3 3 3 3 3 3 8 8 4 0 0 1 1 0 0 0 0 0 0 0 0 0 0 0 0 0 0 0 0 1 4 7 7 7 2 2 2 2
2 2 2 2 7 7 7 4 5 0 4 1 1 1 1 1 1 6 6 1 1 1 1 1 1 4 5 0 5 0 8 8 3 3 3 3 3 3 3 3 3 3 3 3 3 3 3 3 8 8 4 5 0 1 1 5 0 5 0 5 0 5 0 5 0 5 0 5 0 5 0 1 4 7 7 7 2 2 2 2
2 2 2 2 7 7 7 4 0 0 4 1 1 1 1 1 1 6 6 1 1 1 1 1 1 4 0 0 0 0 4 8 8 3 3 3 3 3 3 3 3 3 3 3 3 3 3 8 8 4 1 0 0 1 1 0 0 0 0 0 0 0 0 0 0 0 0 0 0 0 0 1 4 7 7 7 2 2 2 2
2 2 2 2 7 7 7 4 5 0 4 1 1 1 1 1 1 6 6 1 1 1 1 1 1 4 5 0 5 0 4 8 8 3 3 3 3 3 3 3 3 3 3 3 3 3 3 8 8 4 1 5 0 1 1 5 0 5 0 5 0 5 0 5 0 5 0 5 0 5 0 1 4 7 7 7 2 2 2 2
2 2 2 2 7 7 7 4 0 0 4 4 1 1 1 1 1 6 6 1 1 1 1 1 4 4 0 0 0 0 1 4 8 8 3 3 3 3 3 3 3 3 3 3 3 3 8 8 4 1 1 0 0 1 1 0 0 0 0 0 0 0 0 0 0 0 0 0 0 0 0 1 4 7 7 7 2 2 2 2
2 2 2 2 7 7 7 4 5 0 5 0 4 1 1 1 1 6 6 1 1 1 1 4 5 0 5 0 5 0 1 4 8 8 8 3 3 3 3 3 3 3 3 3 3 8 8 8 4 1 1 1 1 1 1 1 1 1 1 1 1 1 1 1 1 5 0 5 0 5 0 1 4 7 7 7 2 2 2 2
2 2 2 2 7 7 7 4 0 0 0 0 4 4 4 4 4 6 6 4 4 4 4 4 0 0 0 0 0 0 1 1 4 8 8 8 8 3 3 3 3 3 3 8 8 8 8 4 1 1 2 2 2 2 2 2 2 2 2 2 2 2 1 1 1 0 0 0 0 0 0 1 4 7 7 7 2 2 2 2
2 2 2 2 7 7 7 4 5 0 5 0 5 0 5 0 1 6 6 5 0 5 0 5 0 5 0 5 0 1 1 1 1 4 4 8 8 8 8 3 3 8 8 8 8 4 4 1 1 2 2 2 2 2 2 2 2 2 2 2 2 2 2 1 1 1 1 5 0 5 0 1 4 7 7 7 2 2 2 2
2 2 2 2 7 7 7 4 0 0 0 0 0 0 0 0 1 6 6 0 0 0 0 0 0 0 0 0 0 1 1 1 1 1 1 4 4 8 8 3 3 8 8 4 4 1 1 1 2 2 2 2 2 2 2 2 2 2 2 2 2 2 2 2 1 1 1 0 0 0 0 1 4 7 7 7 2 2 2 2
2 2 2 2 7 7 7 4 5 0 5 0 1 1 1 1 1 6 6 5 0 5 0 5 0 5 0 5 0 1 1 1 1 1 1 1 1 4 4 3 3 4 4 1 1 1 1 2 2 2 2 2 2 2 2 2 2 2 2 2 2 2 2 2 2 1 1 5 0 5 0 1 4 7 7 7 2 2 2 2
2 2 2 2 7 7 7 4 0 0 0 0 1 6 6 6 6 6 6 0 0 0 0 0 0 0 0 0 0 1 1 1 1 1 1 1 1 1 4 3 3 4 1 1 1 1 1 2 2 2 2 2 2 2 2 2 2 2 2 2 2 2 2 2 2 1 1 0 0 0 0 1 4 7 7 7 2 2 2 2
2 2 2 2 7 7 7 4 5 0 5 0 1 6 6 6 6 6 6 5 0 5 0 5 0 5 0 5 0 5 0 5 0 5 0 5 0 1 1 6 6 1 1 5 0 5 0 2 2 2 2 2 2 2 2 2 2 2 2 2 2 2 2 2 2 1 1 5 0 5 0 1 4 7 7 7 2 2 2 2
2 2 2 2 7 7 7 4 0 0 0 0 1 6 6 1 1 1 1 0 0 0 0 0 0 0 0 0 0 0 0 0 0 0 0 0 0 1 1 6 6 1 1 0 0 0 0 2 2 2 2 2 2 2 2 2 2 2 2 2 2 2 2 2 2 1 1 0 0 0 0 1 4 7 7 7 2 2 2 2
2 2 2 2 7 7 7 4 5 0 5 0 1 6 6 5 0 5 0 5 0 5 0 5 0 5 0 5 0 5 0 5 0 5 0 5 0 5 0 6 6 5 0 5 0 5 0 1 2 2 2 2 2 2 2 2 2 2 2 2 2 2 2 2 1 1 1 5 0 5 0 1 4 7 7 7 2 2 2 2
2 2 2 2 7 7 7 4 0 0 0 0 1 6 6 0 0 0 0 0 0 0 0 0 0 0 0 0 0 0 0 0 0 0 0 0 0 0 0 6 6 0 0 0 0 0 0 1 1 2 2 2 2 2 2 2 2 2 2 2 2 2 2 1 1 1 1 0 0 0 0 1 4 7 7 7 2 2 2 2
2 2 2 2 7 7 7 4 5 0 5 0 1 6 6 1 1 5 0 5 0 5 0 5 0 5 0 5 0 5 0 5 0 5 0 5 0 5 0 6 6 5 0 5 0 1 1 1 1 1 1 1 6 6 6 6 6 6 6 6 1 1 1 1 1 5 0 5 0 5 0 1 4 7 7 7 2 2 2 2
2 2 2 2 7 7 7 4 0 0 0 0 1 6 6 6 6 0 0 0 0 0 0 0 0 0 0 0 0 0 0 0 0 0 0 0 0 0 0 6 6 0 0 0 0 1 1 1 1 1 1 6 6 7 7 7 7 7 7 6 6 1 1 1 1 0 0 0 0 0 0 1 4 7 7 7 2 2 2 2
2 2 2 2 7 7 7 4 5 0 5 0 1 6 6 6 6 6 6 1 1 1 1 5 0 5 0 5 0 5 0 5 0 5 0 5 0 5 0 6 6 5 0 1 1 1 1 1 1 1 6 6 7 7 7 7 7 7 7 7 6 6 1 1 1 5 0 5 0 5 0 1 4 7 7 7 2 2 2 2
2 2 2 2 7 7 7 4 0 0 0 0 1 1 6 6 6 6 6 6 6 6 6 0 0 0 0 0 0 0 0 0 0 0 0 0 0 0 0 6 6 0 0 1 1 1 1 1 1 1 6 6 7 7 7 7 7 7 7 7 6 6 1 1 1 0 0 0 0 0 0 1 4 7 7 7 2 2 2 2
2 2 2 2 7 7 7 4 5 0 5 0 5 0 5 0 5 0 6 6 6 6 6 6 6 6 6 6 6 1 1 5 0 5 0 5 0 5 0 6 6 5 0 1 1 1 1 1 1 1 1 6 6 7 7 7 7 7 7 6 6 1 1 1 1 5 0 5 0 5 0 1 4 7 7 7 2 2 2 2
2 2 2 2 7 7 7 4 0 0 0 0 0 0 0 0 0 0 1 6 6 6 6 6 6 6 6 6 6 6 1 0 0 0 0 0 0 0 0 6 6 0 0 1 1 1 1 1 1 1 1 1 6 6 6 6 6 6 6 6 1 1 1 1 1 0 0 0 0 0 0 1 4 7 7 7 2 2 2 2
2 2 2 2 7 7 7 4 5 0 5 0 5 0 5 0 5 0 5 0 5 0 5 0 5 0 5 0 6 6 6 5 0 5 0 5 0 5 0 6 6 5 0 5 0 1 1 1 1 1 1 1 1 1 1 6 6 1 1 1 1 1 1 1 1 5 0 5 0 5 0 1 4 7 7 7 2 2 2 2
2 2 2 2 7 7 7 4 0 0 0 0 0 0 0 0 0 0 0 0 0 0 0 0 0 0 0 0 6 6 6 0 0 0 0 0 0 0 0 6 6 0 0 0 0 1 1 1 1 1 1 1 1 6 6 6 6 1 1 1 1 1 1 1 1 0 0 0 0 0 0 1 4 7 7 7 2 2 2 2
2 2 2 2 7 7 7 4 5 0 5 0 5 0 5 0 5 0 5 0 5 0 5 0 5 0 1 6 6 6 6 5 0 5 0 5 0 5 0 6 6 5 0 5 0 5 0 5 0 5 0 1 1 1 1 6 6 1 1 1 1 1 1 1 1 1 1 5 0 5 0 1 4 7 7 7 2 2 2 2
2 2 2 2 7 7 7 4 0 0 0 0 0 0 0 0 0 0 0 0 0 0 0 0 0 0 6 6 6 6 1 0 0 0 0 0 0 0 0 6 6 0 0 0 0 0 0 0 0 0 0 1 6 6 6 6 6 5 0 5 0 5 0 5 0 5 0 0 0 0 0 1 4 7 7 7 2 2 2 2
2 2 2 2 7 7 7 4 5 0 5 0 5 0 5 0 5 0 1 1 6 6 6 6 6 6 6 6 6 5 0 5 0 5 0 5 0 5 0 6 6 5 0 5 0 5 0 5 0 5 0 6 6 6 6 6 6 0 0 0 0 0 0 0 0 0 0 5 0 5 0 1 4 7 7 7 2 2 2 2
2 2 2 2 7 7 7 4 0 0 0 0 0 0 0 0 0 0 1 6 6 6 6 6 6 6 6 6 1 0 0 0 0 0 0 0 0 0 0 6 6 0 0 0 0 0 0 0 0 0 0 6 6 6 1 1 1 5 0 5 0 5 0 5 0 5 0 0 0 0 0 1 4 7 7 7 2 2 2 2
2 2 2 2 7 7 7 4 5 0 5 0 5 0 5 0 5 0 1 6 6 5 0 5 0 5 0 5 0 5 0 5 0 5 0 5 0 1 1 6 6 1 1 5 0 5 0 5 0 5 0 6 6 1 1 1 1 0 0 0 0 0 0 0 0 0 0 5 0 5 0 1 4 7 7 7 2 2 2 2
2 2 2 2 7 7 7 4 0 0 0 0 0 0 0 0 0 0 1 6 6 0 0 0 0 0 0 0 0 0 0 0 0 0 0 0 0 1 6 6 6 6 1 0 0 0 0 0 0 0 0 6 6 5 0 5 0 5 0 5 0 5 0 5 0 5 0 0 0 0 0 1 4 7 7 7 2 2 2 2
2 2 2 2 7 7 7 4 5 0 5 0 5 0 5 0 5 0 1 6 6 1 1 1 1 1 1 1 1 1 1 1 1 1 1 1 1 6 6 6 6 6 6 1 1 1 1 1 1 1 1 6 6 0 0 0 0 0 0 0 0 0 0 0 0 0 0 5 0 5 0 1 4 7 7 7 2 2 2 2
2 2 2 2 7 7 7 4 0 0 0 0 0 0 0 0 0 0 1 6 6 6 6 6 6 6 6 6 6 6 6 6 6 6 6 6 6 6 6 6 6 6 6 6 6 6 6 6 6 6 6 6 6 5 0 5 0 5 0 5 0 5 0 5 0 5 0 0 0 0 0 1 4 7 7 7 2 2 2 2
2 2 2 2 7 7 7 4 5 0 5 0 5 0 5 0 5 0 5 0 6 6 6 6 6 6 6 6 6 6 6 6 6 6 6 6 6 6 6 6 6 6 6 6 6 6 6 6 6 6 6 6 6 0 0 0 0 0 0 0 0 0 0 0 0 0 0 5 0 5 0 1 4 7 7 7 2 2 2 2
2 2 2 2 7 7 7 4 0 0 0 0 0 0 0 0 0 0 0 0 1 1 6 6 1 1 1 1 1 1 1 1 1 1 1 1 1 6 6 6 6 6 6 1 1 1 1 1 1 1 1 6 6 5 0 5 0 5 0 5 0 5 0 5 0 5 0 0 0 0 0 1 4 7 7 7 2 2 2 2
2 2 2 2 7 7 7 4 5 0 5 0 5 0 1 1 7 7 7 7 7 7 7 6 1 5 0 5 0 5 0 5 0 5 0 5 0 1 6 6 6 6 1 5 0 5 0 5 0 5 0 6 6 0 0 0 0 0 0 0 0 0 0 0 0 0 0 5 0 5 0 1 4 7 7 7 2 2 2 2
2 2 2 2 7 7 7 4 0 0 0 0 0 0 1 7 7 3 3 3 3 3 7 7 7 0 0 0 0 0 0 0 0 0 0 0 0 1 1 6 6 1 1 0 0 0 0 0 0 0 0 6 6 1 1 1 1 1 1 1 1 1 1 1 1 1 1 0 0 0 0 1 4 7 7 7 2 2 2 2
2 2 2 2 7 7 7 4 5 0 5 0 1 1 7 7 3 3 3 3 3 3 3 3 7 1 1 1 1 5 0 5 0 5 0 5 0 5 0 6 6 5 0 5 0 5 0 5 0 5 0 6 6 6 1 1 1 1 1 1 1 1 1 1 1 1 1 5 0 5 0 1 4 7 7 7 2 2 2 2
2 2 2 2 7 7 7 4 0 0 0 0 1 7 7 3 3 3 3 3 3 3 3 3 3 7 7 7 1 0 0 0 0 0 0 0 0 0 0 6 6 0 0 0 0 0 0 0 0 0 0 6 6 6 6 6 6 6 6 6 6 6 6 6 6 1 1 0 0 0 0 1 4 7 7 7 2 2 2 2
2 2 2 2 7 7 7 4 5 0 1 1 7 7 3 3 3 3 3 9 3 3 3 3 3 3 3 7 1 5 0 5 0 5 0 5 0 5 0 6 6 5 0 5 0 5 0 5 0 5 0 1 6 6 6 6 6 6 6 6 6 6 6 6 6 6 1 5 0 5 0 1 4 7 7 7 2 2 2 2
2 2 2 2 7 7 7 4 0 0 1 7 7 3 3 3 3 3 3 3 3 3 3 9 3 3 3 7 1 0 0 0 0 0 0 0 0 0 0 6 6 0 0 0 0 0 0 0 0 0 0 1 6 6 6 6 6 6 6 6 6 6 6 6 6 6 1 0 0 0 0 1 4 7 7 7 2 2 2 2
2 2 2 2 7 7 7 4 1 1 7 7 3 3 3 3 9 3 3 3 3 3 3 3 3 3 3 7 1 5 0 5 0 5 0 5 0 5 0 6 6 5 0 5 0 5 0 5 0 5 0 1 6 6 6 6 6 6 6 6 6 6 6 6 6 6 1 5 0 5 0 1 4 7 7 7 2 2 2 2
2 2 2 2 7 7 7 4 1 7 7 3 3 9 3 3 3 3 3 9 3 3 3 3 3 3 3 7 1 0 0 0 0 0 0 0 0 0 0 6 6 0 0 0 0 0 0 0 0 0 0 1 6 6 6 6 6 6 6 6 6 6 6 6 6 6 1 0 0 0 0 1 4 7 7 7 2 2 2 2
2 2 2 2 7 7 7 4 7 7 3 3 3 3 9 3 3 3 3 3 3 3 3 3 3 3 3 7 1 5 0 5 0 5 0 5 0 5 0 6 6 5 0 5 0 5 0 5 0 5 0 1 6 6 6 6 6 6 6 6 6 6 6 6 6 6 1 5 0 5 0 1 4 7 7 7 2 2 2 2
2 2 2 2 7 7 7 4 7 3 3 3 3 3 3 3 3 3 3 3 3 3 9 3 3 3 3 7 1 0 0 0 0 0 0 0 0 0 0 6 6 0 0 0 0 0 0 0 0 0 0 1 6 6 6 6 6 6 6 6 6 6 6 6 6 6 1 0 0 0 0 1 4 7 7 7 2 2 2 2
2 2 2 2 7 7 7 4 3 9 9 3 3 9 3 3 3 9 3 3 3 3 3 3 3 3 7 5 0 5 0 5 0 5 0 5 0 5 0 6 6 5 0 5 0 5 0 5 0 5 0 1 1 6 6 6 6 6 6 6 6 6 6 6 6 1 1 5 0 5 0 1 4 7 7 7 2 2 2 2
2 2 2 2 7 7 7 4 3 8 8 8 3 3 3 3 3 3 3 3 3 3 3 9 9 7 7 0 0 0 0 0 0 0 0 0 0 0 0 6 6 0 0 0 0 0 0 0 0 0 0 1 1 1 1 1 1 1 1 1 1 1 1 1 1 1 1 0 0 0 0 1 4 7 7 7 2 2 2 2
2 2 2 2 7 7 7 4 3 3 8 8 8 3 3 9 3 3 3 3 9 3 3 9 7 5 0 5 0 5 0 5 0 5 0 1 1 1 1 6 6 1 1 1 1 1 1 1 1 5 0 5 0 5 0 5 0 5 0 5 0 5 0 5 0 5 0 5 0 5 0 1 4 7 7 7 2 2 2 2
2 2 2 2 7 7 7 4 3 3 3 8 8 8 8 3 3 3 3 3 3 3 3 7 7 0 0 0 0 0 0 0 0 0 0 1 1 1 1 6 6 1 1 1 1 1 1 1 1 0 0 0 0 0 0 0 0 0 0 0 0 0 0 0 0 0 0 0 0 0 0 1 4 7 7 7 2 2 2 2
2 2 2 2 7 7 7 4 3 3 3 3 3 8 8 8 3 3 3 3 3 3 7 5 0 5 0 5 0 5 0 5 0 5 0 1 1 1 1 6 6 1 1 1 1 1 1 1 1 5 0 5 0 5 0 5 0 5 0 5 0 5 0 5 0 5 0 5 0 5 0 1 4 7 7 7 2 2 2 2
2 2 2 2 7 7 7 4 3 9 3 3 3 3 8 8 3 3 3 3 3 3 7 0 0 0 0 0 0 0 0 0 0 0 0 6 6 6 6 6 6 1 1 1 1 6 6 1 1 0 0 0 0 0 0 0 0 0 0 0 0 0 0 0 0 0 0 0 0 0 0 1 4 7 7 7 2 2 2 2
2 2 2 2 7 7 7 4 3 9 3 3 3 3 3 8 9 3 3 3 3 7 7 5 0 5 0 5 0 5 0 5 0 5 0 6 6 6 6 6 6 1 1 1 1 6 6 1 1 5 0 5 0 5 0 5 0 5 0 5 0 5 0 5 0 5 0 5 0 5 0 1 4 7 7 7 2 2 2 2
2 2 2 2 7 7 7 4 3 9 3 3 3 3 3 9 3 3 3 3 7 7 1 0 0 0 0 0 0 0 0 0 0 0 0 1 1 1 1 6 6 6 6 6 6 6 6 6 1 0 0 0 0 0 0 0 0 0 0 0 0 0 0 0 0 0 0 0 0 0 0 1 4 7 7 7 2 2 2 2
2 2 2 2 7 7 7 4 9 3 3 3 9 3 3 3 3 3 3 7 7 5 0 5 0 5 0 5 0 5 0 5 0 5 0 1 1 1 1 6 6 6 6 6 6 6 6 6 1 5 0 5 0 5 0 5 0 5 0 5 0 5 0 5 0 5 0 5 0 5 0 1 4 7 7 7 2 2 2 2
2 2 2 2 7 7 7 4 3 9 9 9 3 3 3 3 3 3 7 7 1 0 0 0 0 0 0 0 0 0 0 0 0 0 0 1 1 1 1 1 1 1 1 1 1 1 1 1 1 0 0 0 0 0 0 0 0 0 0 0 0 0 0 0 0 0 0 0 0 0 0 1 4 7 7 7 2 2 2 2
2 2 2 2 7 7 7 4 4 4 4 4 4 4 4 4 4 4 4 4 4 4 4 4 4 4 4 4 4 4 4 4 4 4 4 4 4 4 4 4 4 4 4 4 4 4 4 4 4 4 4 4 4 4 4 4 4 4 4 4 4 4 4 4 4 4 4 4 4 4 4 4 4 7 7 7 2 2 2 2
2 2 2 2 7 7 7 7 7 7 7 7 7 7 7 7 7 7 7 7 7 7 7 7 7 7 7 7 7 7 7 7 7 7 7 7 7 7 7 7 7 7 7 7 7 7 7 7 7 7 7 7 7 7 7 7 7 7 7 7 7 7 7 7 7 7 7 7 7 7 7 7 7 7 7 7 2 2 2 2
2 2 2 2 7 7 7 7 7 7 7 7 7 7 7 7 7 7 7 7 7 7 7 7 7 7 7 7 7 7 7 7 7 7 7 7 7 7 7 7 7 7 7 7 7 7 7 7 7 7 7 7 7 7 7 7 7 7 7 7 7 7 7 7 7 7 7 7 7 7 7 7 7 7 7 7 2 2 2 2
2 2 2 2 7 7 7 7 7 7 7 7 7 7 7 7 7 7 7 7 7 7 7 7 7 7 7 7 7 7 7 7 7 7 7 7 7 7 7 7 7 7 7 7 7 7 7 7 7 7 7 7 7 7 7 7 7 7 7 7 7 7 7 7 7 7 7 7 7 7 7 7 7 7 7 7 2 2 2 2
2 2 2 2 2 2 2 2 2 2 2 2 2 2 2 2 2 2 2 2 2 2 2 2 2 2 2 2 2 2 2 2 2 2 2 2 2 2 2 2 2 2 2 2 2 2 2 2 2 2 2 2 2 2 2 2 2 2 2 2 2 2 2 2 2 2 2 2 2 2 2 2 2 2 2 2 2 2 2 2
2 2 2 2 2 2 2 2 2 2 2 2 2 2 2 2 2 2 2 2 2 2 2 2 2 2 2 2 2 2 2 2 2 2 2 2 2 2 2 2 2 2 2 2 2 2 2 2 2 2 2 2 2 2 2 2 2 2 2 2 2 2 2 2 2 2 2 2 2 2 2 2 2 2 2 2 2 2 2 2
2 2 2 2 2 2 2 2 2 2 2 2 2 2 2 2 2 2 2 2 2 2 2 2 2 2 2 2 2 2 2 2 2 2 2 2 2 2 2 2 2 2 2 2 2 2 2 2 2 2 2 2 2 2 2 2 2 2 2 2 2 2 2 2 2 2 2 2 2 2 2 2 2 2 2 2 2 2 2 2
2 2 2 2 2 2 2 2 2 2 2 2 2 2 2 2 2 2 2 2 2 2 2 2 2 2 2 2 2 2 2 2 2 2 2 2 2 2 2 2 2 2 2 2 2 2 2 2 2 2 2 2 2 2 2 2 2 2 2 2 2 2 2 2 2 2 2 2 2 2 2 2 2 2 2 2 2 2 2 2